2.020202060620207 1.2246467991473532e-16
2.020197115937653 0.0031447322077366876
2.02018228193889 0.006289433316067838
2.020157558770618 0.009434072225897046
2.0201229466773327 0.012578617838741112
2.0200784460013255 0.015723039057041255
2.02002405718268 0.018867304784467107
2.019959780759268 0.022011383926227784
2.019885617366741 0.02515524538937583
2.019801567738529 0.028298858083118276
2.0197076327058285 0.03144219091912055
2.019603813197598 0.034585212811817465
2.019490110240547 0.03772789267871709
2.019366524959125 0.04087019944071169
2.0192330585755114 0.04401210202238198
2.019089712409605 0.047153569352305746
2.0189364878790075 0.05029457036336647
2.018773386499013 0.05343507399305747
2.0186004098825903 0.0565750491837926
2.018417559740368 0.059714464883209896
2.0182248378806182 0.06285329004448216
2.018022246209238 0.06599149362662048
2.01780978672973 0.06912904459478472
2.0175874615431835 0.07226591192058694
2.0173552728482536 0.07540206458240174
2.017113222941139 0.07853747156566952
2.01686131421556 0.08167210186320675
2.0165995491627338 0.0848059244755095
2.01632793037135 0.08793890841106132
2.016046460527547 0.09107102268664109
2.0157551424148816 0.0942022363276263
2.015453978914306 0.09733251836830287
2.015142973004136 0.10046183785216796
2.014822127760022 0.10359016383223951
2.01449144635492 0.10671746537135887
2.014150932059059 0.10984371154250018
2.01380058823991 0.11296887142907278
2.0134404183621504 0.11609291412523036
2.013070425987631 0.11921580873617325
2.0126906147753423 0.12233752437845731
2.0123009884813756 0.12545803018029636
2.011901550958888 0.12857729528186873
2.0114923061580625 0.13169528883562387
2.011073258126071 0.13481198000658426
2.0106444110070316 0.1379273379726538
2.010205769041971 0.14104133192491933
2.009757336568779 0.14415393106795849
2.0092991180221684 0.1472651046201411
2.00883111793363 0.15037482181393688
2.0083533409313867 0.1534830518962162
2.0078657917403504 0.15658976412855782
2.007368475182073 0.15969492778754932
2.006861396174699 0.16279851216509442
2.0063445597329186 0.16590048656871365
2.0058179709679154 0.16900082032184913
2.005281635087319 0.17209948276416928
2.004735557395149 0.175196443251869
2.0041797432917687 0.17829167115797617
2.0036141982738256 0.18138513587265107
2.003038927934202 0.18447680680349254
2.0024539379619553 0.18756665337583708
2.001859234142265 0.1906546450330647
2.0012548223563753 0.19374075123689757
2.0006407085815336 0.19682494146770554
2.0000168988909364 0.19990718522480447
1.9993833994536652 0.2029874520267614
1.9987402165346269 0.20606571141169286
1.998087356494492 0.20914193293756742
1.9974248257896328 0.21221608618250815
1.9967526309720565 0.21528814074509034
1.9960707786893432 0.21835806624464565
1.9953792756845794 0.2214258323215591
1.9946781287962905 0.22449140863757278
1.993967344958374 0.22755476487608234
1.993246931200031 0.23061587074244033
1.9925168946456961 0.23367469596425236
1.9917772425149673 0.23673121029167987
1.9910279821225347 0.23978538349773584
1.990269120878108 0.24283718537858723
1.9895006662863426 0.24588658575385056
1.988722625946767 0.2489335544668917
1.987935007553706 0.2519780613851254
1.9871378188962054 0.25502007640031044
1.986331067857955 0.25805956942885044
1.9855147624172105 0.2610965104120882
1.9846889106467143 0.26413086931660645
1.9838535207136159 0.26716261613452125
1.9830086008793915 0.27019172088378224
1.9821541594997618 0.2732181536084662
1.9812902050246097 0.2762418843790745
1.9804167459978967 0.27926288329282994
1.9795337910575772 0.28228112047397175
1.9786413489355157 0.28529656607405
1.9777394284573981 0.28830919027222185
1.9768280385426449 0.29131896327554746
1.975907188204324 0.2943258553192818
1.9749768865490607 0.2973298366671725
1.9740371427769476 0.3003308776117504
1.973087966181454 0.3033289484746268
1.9721293661493338 0.30632401960678335
1.9711613521605325 0.309316061388869
1.970183933788094 0.3123050442314898
1.9691971206980659 0.31529093857550256
1.9682009226494026 0.31827371489230843
1.9671953494938705 0.32125334368414377
1.9661804111759493 0.3242297954843712
1.9651561177327355 0.3272030408577717
1.9641224792938399 0.330173050400837
1.9630795060812913 0.33313979474205757
1.962027208409432 0.33610324454221624
1.960965596684818 0.33906337049467516
1.9598946814061153 0.3420201433256689
1.9588144731639965 0.34497353379459045
1.9577249826410346 0.347923512694284
1.9566262206115992 0.35087005085133083
1.95551819794175 0.3538131191263388
1.954400925589127 0.3567526884142316
1.9532744146028445 0.35968872964453574
1.952138676123381 0.3626212137816672
1.9509937213824693 0.365550111825219
1.9498395617029842 0.3684753948102501
1.9486762084988327 0.3713970338075681
1.9475036732748394 0.37431499992401907
1.946321967626633 0.3772292643027699
1.945131103240532 0.38013979812359683
1.9439310918934298 0.3830465726031676
1.9427219454526758 0.38594955899532885
1.941503675875961 0.3888487285913878
1.9402762952111985 0.3917440527203974
1.9390398155964033 0.3946355027494407
1.9377942492595737 0.39752305008391303
1.93653960851857 0.40040666616780407
1.9352759057809932 0.4032863224839813
1.9340031535440603 0.4061619905544726
1.9327213643944834 0.4090336419407459
1.9314305510083427 0.4119012482439928
1.930130726150964 0.41476478110540693
1.928821902676789 0.41762421220646706
1.9275040935292516 0.42047951326921423
1.926177311740647 0.4233306560565345
1.924841570432005 0.42617761237243557
1.9234968828129593 0.4290203540623265
1.9221432621816168 0.43185885301329724
1.9207807219244255 0.43469308115439564
1.9194092755160437 0.4375230104569045
1.9180289365192063 0.4403486129346193
1.9166397185845887 0.4431698606441263
1.9152416354506752 0.44598672568507597
1.9138347009436192 0.44879918020046233
1.912418928977111 0.451607196376895
1.9109943335522355 0.45441074644487756
1.9095609287573376 0.457209802679079
1.90811872876788 0.4600043373986111
1.9066677478463057 0.4627943229672993
1.9052080003418945 0.4655797317939572
1.9037395006906226 0.4683605363326604
1.9022622634150186 0.4711367090830179
1.9007763031240217 0.47390822259044335
1.899281634512836 0.47667504944642747
1.8977782723627847 0.47943716228880995
1.8962662315411654 0.4821945338020477
1.8947455270011013 0.4849471367174879
1.8932161737813953 0.4876949438136345
1.8916781870063795 0.4904379279164206
1.890131581885767 0.49317606189947427
1.8885763737144998 0.49590931868438953
1.8870125778726 0.4986376712409918
1.8854402098250154 0.501361092587606
1.883859285121468 0.5040795557913245
1.8822698193962986 0.5067930339682726
1.8806718283683148 0.5095015002838734
1.879065327840633 0.5122049279531143
1.8774503337005237 0.5149032902408128
1.8758268619192537 0.5175965604618784
1.874194928551928 0.5202847119815791
1.8725545497373313 0.5229677182158023
1.8709057416977686 0.5256455526313208
1.8692485207389051 0.5283181887460513
1.8675829032496032 0.5309856001293204
1.865908905701763 0.5336477604021226
1.8642265446501574 0.5363046432373825
1.862535836732269 0.5389562223602162
1.8608367986681253 0.5416024715481901
1.8591294472601343 0.5442433646315792
1.8574137993929178 0.5468788754936273
1.8556898720331434 0.5495089780708062
1.8539576822293586 0.5521336463530702
1.8522172471118208 0.5547528543841173
1.850468583892328 0.5573665762616421
1.848711709864049 0.5599747861375954
1.8469466424013536 0.562577458218437
1.8451733989596373 0.5651745667653929
1.8433919970751522 0.567766086094708
1.8416024543648324 0.5703519905779014
1.8398047885261186 0.5729322546420198
1.8379990173367848 0.57550685276989
1.8361851586547617 0.5780757595003709
1.83436323041796 0.5806389494286055
1.8325332506440928 0.5831963972062735
1.8306952374304992 0.5857480775418393
1.828849208953962 0.5882939652008052
1.8269951834705314 0.590834035005958
1.8251331793153418 0.5933682618376205
1.8232632149024328 0.5958966206338976
1.8213853087245646 0.5984190863909269
1.8194994793530372 0.6009356341631231
1.817605745437506 0.6034462390634262
1.815704125705797 0.605950876263548
1.813794638963722 0.6084495209942171
1.8118773040948923 0.6109421485454231
1.8099521400605332 0.6134287342666618
1.8080191658992937 0.6159092535671797
1.806078400727062 0.6183836819162153
1.8041298637367729 0.6208519948432437
1.8021735741982203 0.6233141679382166
1.8002095514578653 0.6257701768518059
1.7982378149386467 0.6282199972956422
1.7962583841397861 0.6306636050425573
1.7942712786365975 0.6331009759268215
1.7922765180802933 0.6355320858443841
1.7902741221977885 0.6379569107531118
1.7882641107915067 0.6403754266730259
1.786246503739185 0.6427876096865395
1.7842213209936766 0.6451934359386934
1.782188582582752 0.6475928816373941
1.7801483086089047 0.6499859230536466
1.778100519249148 0.6523725365217911
1.7760452347548192 0.6547526984397349
1.7739824754513767 0.6571263852691887
1.7719122617382004 0.6594935735358958
1.7698346140883896 0.661854239829868
1.7677495530485605 0.6642083608056142
1.7656570992386431 0.6665559131823721
1.7635572733516773 0.6688968737443394
1.7614500961536073 0.6712312193409027
1.7593355884830781 0.673558926886866
1.7572137712512284 0.675879973362679
1.755084665441483 0.6781943358146665
1.7529482921093469 0.6805019913552524
1.7508046723821957 0.6828029171631891
1.748653827459068 0.6850970904837811
1.7464957786104542 0.6873844886291104
1.7443305471780874 0.6896650889782618
1.7421581545747316 0.6919388689775462
1.7399786222839704 0.6942058061407228
1.737791971859995 0.6964658780492218
1.7355982249273891 0.6987190623523672
1.7333974031809172 0.7009653367675974
1.7311895283853094 0.7032046790806841
1.7289746223750453 0.7054370671459531
1.7267527070541395 0.7076624788865045
1.7245238043959237 0.7098808922944285
1.7222879364428296 0.7120922854310255
1.7200451253061724 0.7142966364270211
1.71779539316593 0.7164939234827833
1.7155387622705252 0.7186841248685382
1.7132752549366042 0.720867218924585
1.711004893548818 0.7230431840615095
1.7087277005595993 0.7252119987603973
1.7064436984889408 0.7273736415730485
1.7041529099241728 0.7295280911221884
1.7018553575197397 0.7316753261016784
1.699551063996977 0.7338153252767277
1.6972400521438833 0.7359480674841035
1.6949223448148998 0.7380735316323389
1.6925979649306795 0.7401916967019436
1.6902669354778643 0.7423025417456095
1.6879292795088556 0.744406045888419
1.6855850201415867 0.7465021883280519
1.6832341805592939 0.7485909483349906
1.6808767840102883 0.7506723052527245
1.6785128538077259 0.7527462384979547
1.676142413329375 0.7548127275607988
1.6737654860173863 0.7568717520049917
1.6713820953780627 0.758923291468089
1.6689922649816245 0.7609673256616675
1.6665960184619761 0.7630038343715274
1.6641933795164756 0.7650327974578899
1.6617843719056953 0.7670541948555988
1.6593690194531918 0.769068006574317
1.6569473460452677 0.7710742126987248
1.654519375630735 0.7730727933887176
1.6520851322206793 0.7750637288796016
1.6496446398882227 0.7770469994822886
1.6471979227682856 0.7790225855834911
1.644745005057346 0.7809904676459176
1.6422859110132033 0.7829506262084631
1.6398206649547356 0.7849030418864046
1.6373492912616623 0.7868476953715899
1.6348718143742995 0.7887845674326315
1.6323882587933207 0.7907136389150937
1.629898649079514 0.7926348907416848
1.6274030098535386 0.7945483039124438
1.6249013657956826 0.7964538595049291
1.6223937416456167 0.7983515386744058
1.619880162202152 0.800241322654032
1.617360652322993 0.802123192755044
1.6148352369244936 0.8039971303669405
1.6123039409814082 0.8058631169576692
1.6097667895266468 0.8077211340738067
1.6072238076510257 0.8095711633407441
1.6046750205030222 0.8114131864628658
1.602120453288522 0.8132471852237331
1.5995601312705743 0.8150731414862622
1.5969940797691367 0.8168910371929055
1.5944223241608304 0.8187008543658282
1.5918448898786859 0.8205025751070876
1.5892618024118912 0.8222961815988094
1.586673087305541 0.8240816561033644
1.5840787701603847 0.8258589809635433
1.5814788766325723 0.8276281386027312
1.578873432433399 0.8293891115250829
1.5762624633290547 0.8311418823156935
1.5736459951403656 0.8328864336407735
1.571024053742541 0.8346227482478172
1.5683966650649168 0.8363508089657762
1.5657638550906992 0.8380705987052264
1.5631256498567065 0.8397821004585397
1.560482075453114 0.8414852973000503
1.5578331580231943 0.8431801723862224
1.555178923763059 0.8448667089558177
1.5525193989213992 0.8465448903300605
1.5498546097992274 0.8482146999128024
1.5471845827496167 0.8498761211906865
1.5445093441774391 0.8515291377333112
1.541828920539105 0.8531737331933927
1.5391433383423028 0.8548098913069261
1.5364526241457357 0.856437595893346
1.5337568045588585 0.8580568308556876
1.5310559062416158 0.8596675801807452
1.5283499559041762 0.8612698279392308
1.5256389803066714 0.8628635582859312
1.522923006258929 0.864448755459865
1.5202020606202074 0.8660254037844385
1.5174761702989312 0.8675934876676012
1.5147453622524258 0.869152991601999
1.512009663486649 0.8707039001651276
1.5092691010559243 0.8722461980194861
1.5065237020626738 0.8737798699127285
1.5037734936571514 0.875304900677813
1.5010185030371717 0.8768212752331537
1.498258757447843 0.8783289785827687
1.4954942841812973 0.8798279958164293
1.492725110576419 0.881318312109807
1.4899512640185777 0.8827999127246198
1.4871727719393553 0.8842727830087778
1.4843896618162735 0.8857369083965293
1.4816019611725244 0.887192274408604
1.4788096975766978 0.8886388666523559
1.4760128986425083 0.8900766708219059
1.4732115920285214 0.8915056726982837
1.4704058054378806 0.8929258581495685
1.467595566618034 0.8943372131310273
1.4647809033604595 0.8957397236852556
1.4619618435003903 0.8971333759423141
1.4591384149165378 0.8985181561198672
1.4563106455308181 0.8998940505233182
1.4534785633080753 0.9012610455459449
1.4506421962558051 0.902619127669034
1.4478015724238764 0.903968283462016
1.444956719904255 0.9053084995825966
1.4421076668307262 0.9066397627768894
1.4392544413786172 0.9079620598795461
1.4363970717645151 0.9092753778138883
1.4335355862459913 0.9105797035920355
1.4306700131213208 0.9118750243150338
1.4278003807292032 0.9131613271729834
1.4249267174484805 0.9144385994451657
1.4220490516978583 0.9157068285001692
1.4191674119356235 0.9169660017960134
1.416281826659364 0.918216106880274
1.413392324405686 0.9194571313902055
1.4104989337499325 0.9206890630528631
1.4076016833059002 0.9219118896852251
1.404700601725556 0.9231255991943124
1.4017957176987557 0.9243301795773083
1.3988870599529573 0.925525618921678
1.3959746572529395 0.9267119054052849
1.3930585384005156 0.9278890272965093
1.3901387322342502 0.9290569729543627
1.3872152676291725 0.9302157308286043
1.384288173496491 0.9313652894598542
1.3813574787833083 0.9325056374797075
1.3784232124723346 0.9336367636108461
1.3754854035816009 0.9347586566671511
1.3725440811641714 0.935871305553812
1.369599274307858 0.936974699267438
1.3666510121349307 0.9380688268961658
1.3636993238018305 0.9391536776197678
1.3607442384988808 0.9402292407097589
1.3577857854499995 0.9412955055295033
1.3548239939124085 0.9423524615343186
1.3518588931763462 0.9434000982715812
1.3488905125647759 0.9444384053808289
1.3459188814330976 0.9454673725938635
1.3429440291688564 0.9464869897348525
1.3399659851914523 0.9474972467204298
1.3369847789518499 0.9484981335597952
1.3340004399322858 0.9494896403548133
1.3310129976459784 0.9504717573001115
1.328022481636835 0.9514444746831766
1.3250289214791604 0.9524077828844514
1.322032346777364 0.9533616723774293
1.319032787165667 0.9543061337287488
1.3160302723078094 0.9552411575982869
1.3130248318967574 0.956166734739251
1.3100164956544083 0.9570828559982708
1.3070052933312972 0.9579895123154889
1.303991254706304 0.9588866947246497
1.3009744095863565 0.959774394353189
1.2979547878061377 0.9606526024223211
1.29493241922779 0.9615213102471255
1.2919073337406197 0.9623805092366334
1.2888795612608017 0.9632301908939126
1.2858491317310836 0.9640703468161507
1.2828160751204891 0.964900968694739
1.279780421424023 0.9657220483153546
1.276742200662372 0.9665335775580414
1.2737014428816118 0.9673355483972902
1.2706581781529056 0.9681279529021188
1.2676124365722095 0.9689107832361495
1.2645642482599742 0.9696840316576876
1.2615136433608465 0.970447690519797
1.258460652043372 0.9712017522703763
1.2554053044996971 0.9719462094522336
1.2523476309452688 0.97268105470316
1.249287661618537 0.9734062807560027
1.2462254267806563 0.9741218804387363
1.2431609567151845 0.9748278466745341
1.2400942817277847 0.9755241724818388
1.2370254321459262 0.9762108509744296
1.2339544383185828 0.9768878753614926
1.2308813306159334 0.9775552389476863
1.2278061394290622 0.9782129351332084
1.224728895169658 0.9788609574138615
1.2216496282697125 0.9794992993811165
1.2185683691812201 0.9801279547221766
1.2154851483758773 0.9807469172200396
1.21239999634478 0.9813561807535595
1.2093129435981236 0.9819557392975067
1.2062240206648993 0.9825455869226277
1.203133258092594 0.9831257177957042
1.2000406864468869 0.9836961261796101
1.1969463363113486 0.9842568064333687
1.1938502382871374 0.984807753012208
1.190752422992697 0.9853489604676164
1.1876529210634534 0.9858804234473958
1.1845517631515132 0.9864021366957145
1.1814489799253594 0.98691409505316
1.178344602069548 0.9874162934567889
1.175238660284405 0.9879087269401781
1.1721311852857228 0.9883913906334728
1.1690222078044563 0.9888642797634357
1.1659117585864187 0.9893273896534935
1.162799868391978 0.9897807157237835
1.1596865679957526 0.9902242534911985
1.156571888186307 0.9906579985694317
1.1534558597658469 0.9910819466690196
1.1503385135499147 0.9914960935973848
1.1472198803670859 0.9919004352588768
1.1440999910586622 0.9922949676548137
1.1409788764783684 0.9926796868835203
1.1378565674920458 0.9930545891403677
1.1347330949773482 0.9934196707178107
1.1316084898234355 0.9937749280054242
1.1284827829306692 0.9941203574899392
1.1253560052103055 0.9944559557552776
1.1222281875841913 0.9947817194825853
1.1190993609844568 0.995097645450266
1.115969556353211 0.9954037305340125
1.1128388046422344 0.9956999717068377
1.1097071368126736 0.9959863660391044
1.1065745838347356 0.9962629106985544
1.10344117668738 0.9965296029503367
1.1003069463580142 0.9967864401570343
1.0971719238421866 0.9970334197786902
1.0940361401432792 0.9972705393728327
1.090899626272202 0.9974977965944997
1.0877624132470856 0.9977151891962615
1.0846245320929755 0.9979227150282433
1.0814860138415234 0.9981203720381463
1.078346889530683 0.9983081582712682
1.0752071902044003 0.9984860718705224
1.072066946912308 0.9986541110764564
1.0689261907094192 0.9988122742272691
1.0657849526558183 0.9989605597588275
1.0626432638163554 0.9990989662046814
1.0595011552603384 0.9992274921960794
1.0563586580612263 0.9993461364619809
1.0532158032963208 0.9994548978290693
1.0500726220464605 0.9995537752217638
1.0469291453957121 0.9996427676622299
1.0437854044310642 0.9997218742703887
1.0406414302421185 0.9997910942639262
1.0374972539207845 0.9998504269583004
1.0343529065609691 0.9998998717667489
1.0312084192582718 0.9999394282002937
1.0280638231096753 0.9999690958677468
1.0249191492132392 0.999988874475714
1.0217744286677917 0.9999987638285974
1.0186296925726226 0.9999987638285974
1.015484972027175 0.999988874475714
1.012340298130739 0.9999690958677468
1.0091957019821427 0.9999394282002937
1.0060512146794451 0.9998998717667489
1.0029068673196297 0.9998504269583004
0.9997626909982955 0.9997910942639262
0.9966187168093502 0.9997218742703887
0.9934749758447022 0.9996427676622299
0.9903314991939539 0.9995537752217638
0.9871883179440936 0.9994548978290693
0.9840454631791882 0.9993461364619809
0.9809029659800759 0.9992274921960794
0.9777608574240589 0.9990989662046815
0.974619168584596 0.9989605597588275
0.9714779305309951 0.9988122742272691
0.9683371743281062 0.9986541110764564
0.9651969310360142 0.9984860718705224
0.9620572317097315 0.9983081582712682
0.9589181073988907 0.9981203720381463
0.955779589147439 0.9979227150282433
0.9526417079933287 0.9977151891962615
0.9495044949682124 0.9974977965944997
0.9463679810971353 0.9972705393728327
0.9432321973982278 0.9970334197786902
0.9400971748824001 0.9967864401570343
0.9369629445530344 0.9965296029503368
0.9338295374056789 0.9962629106985544
0.9306969844277406 0.9959863660391044
0.92756531659818 0.9956999717068377
0.9244345648872033 0.9954037305340125
0.9213047602559575 0.995097645450266
0.918175933656223 0.9947817194825853
0.9150481160301088 0.9944559557552776
0.9119213383097453 0.9941203574899393
0.9087956314169788 0.9937749280054242
0.9056710262630663 0.9934196707178107
0.9025475537483686 0.9930545891403677
0.8994252447620461 0.9926796868835203
0.8963041301817521 0.9922949676548137
0.8931842408733285 0.991900435258877
0.8900656076904996 0.9914960935973848
0.8869482614745676 0.9910819466690197
0.8838322330541073 0.9906579985694317
0.8807175532446617 0.9902242534911986
0.8776042528484362 0.9897807157237835
0.8744923626539957 0.9893273896534935
0.8713819134359582 0.9888642797634357
0.8682729359546915 0.9883913906334728
0.8651654609560093 0.9879087269401781
0.8620595191708663 0.9874162934567889
0.8589551413150549 0.98691409505316
0.855852358088901 0.9864021366957146
0.852751200176961 0.9858804234473958
0.8496516982477176 0.9853489604676166
0.8465538829532769 0.9848077530122081
0.8434577849290656 0.9842568064333687
0.8403634347935273 0.9836961261796101
0.8372708631478204 0.9831257177957042
0.8341801005755152 0.9825455869226277
0.8310911776422909 0.9819557392975067
0.8280041248956342 0.9813561807535595
0.8249189728645372 0.9807469172200396
0.8218357520591943 0.9801279547221766
0.818754492970702 0.9794992993811165
0.8156752260707564 0.9788609574138615
0.812597981811352 0.9782129351332084
0.809522790624481 0.9775552389476863
0.8064496829218316 0.9768878753614926
0.8033786890944881 0.9762108509744296
0.8003098395126294 0.9755241724818386
0.7972431645252299 0.9748278466745341
0.7941786944597581 0.9741218804387363
0.7911164596218772 0.9734062807560027
0.7880564902951456 0.9726810547031601
0.7849988167407171 0.9719462094522336
0.7819434691970422 0.9712017522703763
0.778890477879568 0.970447690519797
0.7758398729804403 0.9696840316576877
0.7727916846682048 0.9689107832361497
0.7697459430875088 0.9681279529021188
0.7667026783588025 0.9673355483972903
0.7636619205780422 0.9665335775580414
0.7606236998163916 0.9657220483153546
0.7575880461199251 0.964900968694739
0.7545549895093309 0.9640703468161507
0.7515245599796125 0.9632301908939126
0.7484967874997945 0.9623805092366335
0.7454717020126242 0.9615213102471255
0.7424493334342767 0.9606526024223211
0.7394297116540579 0.9597743943531891
0.7364128665341104 0.9588866947246498
0.733398827909117 0.9579895123154889
0.7303876255860061 0.9570828559982708
0.7273792893436569 0.956166734739251
0.7243738489326048 0.9552411575982869
0.7213713340747474 0.9543061337287488
0.7183717744630504 0.9533616723774293
0.715375199761254 0.9524077828844515
0.7123816396035794 0.9514444746831767
0.709391123594436 0.9504717573001116
0.7064036813081285 0.9494896403548134
0.7034193422885644 0.9484981335597952
0.700438136048962 0.9474972467204298
0.6974600920715579 0.9464869897348525
0.6944852398073167 0.9454673725938635
0.6915136086756384 0.9444384053808289
0.6885452280640683 0.9434000982715813
0.6855801273280057 0.9423524615343186
0.6826183357904149 0.9412955055295033
0.6796598827415334 0.9402292407097589
0.6767047974385839 0.9391536776197678
0.6737531091054836 0.9380688268961659
0.6708048469325563 0.936974699267438
0.6678600400762429 0.935871305553812
0.6649187176588136 0.9347586566671511
0.6619809087680798 0.9336367636108462
0.6590466424571061 0.9325056374797075
0.6561159477439235 0.9313652894598542
0.653188853611242 0.9302157308286043
0.650265389006164 0.9290569729543628
0.6473455828398985 0.9278890272965093
0.6444294639874749 0.926711905405285
0.641517061287457 0.925525618921678
0.6386084035416586 0.9243301795773083
0.6357035195148582 0.9231255991943124
0.6328024379345141 0.9219118896852251
0.6299051874904817 0.9206890630528631
0.6270117968347282 0.9194571313902055
0.6241222945810504 0.9182161068802741
0.6212367093047909 0.9169660017960134
0.6183550695425561 0.9157068285001692
0.6154774037919337 0.9144385994451658
0.612603740511211 0.9131613271729834
0.6097341081190932 0.9118750243150338
0.6068685349944232 0.9105797035920355
0.6040070494758996 0.9092753778138885
0.6011496798617975 0.9079620598795463
0.5982964544096878 0.9066397627768894
0.5954474013361596 0.9053084995825968
0.5926025488165381 0.9039682834620161
0.5897619249846089 0.902619127669034
0.5869255579323387 0.9012610455459448
0.584093475709596 0.8998940505233182
0.5812657063238766 0.8985181561198673
0.578442277740024 0.897133375942314
0.5756232178799546 0.8957397236852555
0.5728085546223802 0.8943372131310272
0.5699983158025341 0.8929258581495686
0.5671925292118931 0.891505672698284
0.5643912225979062 0.890076670821906
0.5615944236637163 0.8886388666523559
0.5588021600678902 0.8871922744086042
0.5560144594241412 0.8857369083965294
0.553231349301059 0.8842727830087777
0.5504528572218363 0.8827999127246197
0.5476790106639952 0.881318312109807
0.5449098370591173 0.8798279958164295
0.5421453637925711 0.8783289785827686
0.5393856182032426 0.8768212752331537
0.5366306275832627 0.875304900677813
0.5338804191777407 0.8737798699127286
0.5311350201844902 0.8722461980194863
0.5283944577537657 0.8707039001651277
0.5256587589879884 0.8691529916019989
0.5229279509414833 0.8675934876676015
0.5202020606202072 0.8660254037844387
0.5174811149814853 0.8644487554598649
0.5147651409337427 0.8628635582859312
0.5120541653362378 0.8612698279392308
0.5093482149987987 0.8596675801807453
0.5066473166815555 0.8580568308556875
0.5039514970946786 0.856437595893346
0.5012607828981113 0.854809891306926
0.49857520070130956 0.853173733193393
0.49589477706297547 0.8515291377333113
0.4932195384907978 0.8498761211906866
0.49054951144118675 0.8482146999128024
0.48788472231901536 0.8465448903300608
0.4852251974773556 0.8448667089558178
0.4825709632172198 0.8431801723862223
0.47992204578730024 0.8414852973000503
0.4772784713837077 0.8397821004585397
0.47464026614971544 0.8380705987052266
0.47200745617549733 0.8363508089657761
0.4693800674978733 0.8346227482478175
0.46675812610004863 0.8328864336407734
0.46414165791135975 0.8311418823156937
0.4615306888070151 0.8293891115250828
0.45892524460784223 0.8276281386027313
0.45632535108002936 0.8258589809635432
0.45373103393487346 0.8240816561033646
0.4511423188285234 0.8222961815988095
0.44855923136172837 0.8205025751070875
0.44598179707958374 0.8187008543658282
0.4434100414712774 0.8168910371929053
0.4408439899698403 0.8150731414862623
0.438283667951892 0.813247185223733
0.43572910073739235 0.8114131864628659
0.43318031358938847 0.809571163340744
0.43063733171376795 0.807721134073807
0.4281001802590061 0.8058631169576691
0.42556888431592077 0.8039971303669408
0.42304346891742106 0.8021231927550438
0.42052395903826223 0.800241322654032
0.4180103795947977 0.798351538674406
0.4155027554447317 0.796453859504929
0.41300111138687556 0.7945483039124438
0.41050547216090016 0.7926348907416847
0.40801586244709365 0.7907136389150938
0.40553230686611474 0.7887845674326315
0.4030548299787521 0.7868476953715902
0.4005834562856785 0.7849030418864045
0.3981182102272113 0.7829506262084632
0.39565911618306826 0.7809904676459175
0.3932061984721289 0.7790225855834914
0.3907594813521914 0.7770469994822885
0.38831898901973494 0.7750637288796015
0.38588474560967956 0.7730727933887178
0.38345677519514654 0.7710742126987247
0.38103510178722233 0.7690680065743168
0.37861974933471887 0.7670541948555987
0.376210741723939 0.7650327974578901
0.3738081027784379 0.7630038343715273
0.37141185625879003 0.7609673256616677
0.36902202586235144 0.7589232914680889
0.3666386352230281 0.7568717520049919
0.3642617079110396 0.754812727560799
0.3618912674326886 0.752746238497955
0.35952733723012575 0.7506723052527244
0.3571699406811204 0.7485909483349905
0.35481910109882786 0.7465021883280522
0.35247484173155863 0.744406045888419
0.35013718576254993 0.7423025417456094
0.34780615630973466 0.7401916967019435
0.3454817764255147 0.7380735316323391
0.34316406909653085 0.7359480674841034
0.3408530572434376 0.7338153252767279
0.33854876372067433 0.7316753261016784
0.3362512113162417 0.7295280911221886
0.33396042275147364 0.7273736415730487
0.33167642068081526 0.7252119987603975
0.32939922769159624 0.7230431840615094
0.32712886630381 0.720867218924585
0.32486535896988933 0.7186841248685384
0.32260872807448415 0.7164939234827832
0.320358995934242 0.7142966364270211
0.31811618479758463 0.7120922854310254
0.3158803168444909 0.7098808922944287
0.31365141418627474 0.7076624788865045
0.3114294988653691 0.7054370671459533
0.3092145928551049 0.703204679080684
0.3070067180594972 0.7009653367675976
0.30480589631302524 0.6987190623523675
0.3026121493804196 0.696465878049222
0.30042549895644377 0.6942058061407227
0.2982459666656826 0.6919388689775462
0.29607357406232704 0.6896650889782621
0.29390834262996 0.6873844886291103
0.2917502937813463 0.685097090483781
0.2895994488582184 0.6828029171631891
0.2874558291310676 0.6805019913552526
0.28531945579893125 0.6781943358146664
0.283190349989186 0.6758799733626792
0.281068532757336 0.6735589268868659
0.2789540250868071 0.671231219340903
0.27684684788873715 0.6688968737443396
0.27474702200177115 0.6665559131823723
0.27265456819185363 0.6642083608056141
0.27056950715202455 0.661854239829868
0.268491859502214 0.659493573535896
0.2664216457890376 0.6571263852691885
0.26435888648559525 0.6547526984397352
0.26230360199126623 0.652372536521791
0.26025581263150976 0.6499859230536469
0.2582155386576621 0.647592881637394
0.256182800246738 0.6451934359386936
0.2541576175012291 0.6427876096865394
0.25214001044890777 0.6403754266730263
0.250129999042626 0.637956910753112
0.24812760316012117 0.6355320858443844
0.24613284260381663 0.6331009759268214
0.24414573710062815 0.6306636050425571
0.24216630630176772 0.6282199972956425
0.24019456978254883 0.6257701768518059
0.23823054704219426 0.6233141679382168
0.2362742575036414 0.6208519948432436
0.23432572051335243 0.6183836819162155
0.23238495534112047 0.6159092535671796
0.2304519811798813 0.613428734266662
0.2285268171455218 0.610942148545423
0.22660948227669242 0.6084495209942173
0.22469999553461728 0.6059508762635483
0.2227983758029084 0.6034462390634264
0.22090464188737702 0.600935634163123
0.21901881251584965 0.5984190863909268
0.21714090633798167 0.5958966206338979
0.21527094192507235 0.5933682618376204
0.213408937769883 0.5908340350059582
0.21155491228645218 0.5882939652008051
0.20970888380991526 0.5857480775418396
0.20787087059632126 0.5831963972062734
0.20604089082245447 0.5806389494286057
0.20421896258565264 0.5780757595003708
0.20240510390362954 0.5755068527698903
0.20059933271429564 0.57293225464202
0.1988016668755821 0.5703519905779018
0.19701212416526193 0.567766086094708
0.19523072228077698 0.5651745667653928
0.19345747883906084 0.5625774582184373
0.19169241137636495 0.5599747861375953
0.18993553734808655 0.5573665762616423
0.18818687412859358 0.5547528543841171
0.18644643901105573 0.5521336463530705
0.18471424920727075 0.5495089780708061
0.18299032184749664 0.5468788754936277
0.18127467398027985 0.5442433646315791
0.17956732257228913 0.5416024715481903
0.1778682845081454 0.5389562223602166
0.176177576590257 0.5363046432373828
0.17449521553865122 0.5336477604021225
0.17282121799081096 0.5309856001293203
0.17115560050150935 0.5283181887460516
0.16949837954264568 0.5256455526313207
0.16784957150308322 0.5229677182158027
0.16620919268848644 0.520284711981579
0.16457725932116063 0.5175965604618786
0.16295378753989032 0.5149032902408127
0.1613387933997812 0.5122049279531146
0.15973229287209945 0.5095015002838733
0.1581343018441158 0.5067930339682728
0.15654483611894665 0.5040795557913248
0.154963911415399 0.5013610925876062
0.15339154336781435 0.4986376712409917
0.15182774752591444 0.4959093186843894
0.15027253935464757 0.49317606189947455
0.1487259342340348 0.49043792791642055
0.1471879474590191 0.48769494381363476
0.14565859423931293 0.4849471367174878
0.14413788969924912 0.482194533802048
0.14262584887762952 0.47943716228880984
0.14112248672757843 0.47667504944642775
0.13962781811639258 0.47390822259044324
0.1381418578253959 0.4711367090830182
0.136664620549792 0.46836053633266067
0.13519612089851973 0.46557973179395706
0.1337363733941086 0.46279432296729917
0.13228539247253412 0.46000433739861096
0.13084319248307696 0.4572098026790793
0.1294097876881788 0.45441074644487744
0.12798519226330352 0.4516071963768953
0.12656942029679485 0.4487991802004622
0.12516248578973932 0.44598672568507625
0.12376440265582545 0.44316986064412617
0.12237518472120812 0.44034861293461963
0.12099484572437036 0.4375230104569044
0.11962339931598898 0.434693081154396
0.11826085905879768 0.4318588530132975
0.11690723842745476 0.4290203540623264
0.11556255080840916 0.42617761237243545
0.11422680949976727 0.4233306560565344
0.11290002771116292 0.4204795132692145
0.11158221856362527 0.41762421220646695
0.11027339508945044 0.41476478110540727
0.10897357023207144 0.4119012482439927
0.1076827568459311 0.40903364194074615
0.10640096769635399 0.4061619905544725
0.10512821545942119 0.40328632248398155
0.10386451272184405 0.40040666616780396
0.1026098719808407 0.3975230500839133
0.10136430564401111 0.394635502749441
0.10012782602921577 0.3917440527203973
0.0989004453644532 0.3888487285913877
0.09768217578773841 0.38594955899532873
0.09647302934698465 0.3830465726031679
0.09527301799988208 0.3801397981235967
0.09408215361378136 0.37722926430277015
0.09290044796557484 0.37431499992401895
0.09172791274158154 0.3713970338075684
0.09056455953743003 0.36847539481025
0.08941039985794519 0.36555011182521935
0.08826544511703327 0.36262121378166706
0.08712970663756991 0.3596887296445361
0.08600319565128733 0.3567526884142319
0.08488592329866418 0.35381311912633867
0.08377790062881485 0.3508700508513307
0.0826791385993797 0.3479235126942839
0.08158964807641789 0.3449735337945907
0.08050943983429881 0.34202014332566877
0.0794385245555963 0.3390633704946755
0.07837691283098225 0.33610324454221613
0.07732461515912303 0.33313979474205785
0.07628164194657427 0.3301730504008369
0.0752480035076789 0.32720304085777197
0.07422371006446482 0.3242297954843711
0.07320877174654394 0.3212533436841441
0.07220319859101176 0.3182737148923087
0.07120700054234841 0.31529093857550244
0.07022018745232017 0.3123050442314897
0.0692427690798818 0.3093160613888689
0.06827475509108072 0.3063240196067837
0.06731615505896038 0.3033289484746267
0.06636697846346684 0.30033087761175076
0.06542723469135359 0.2973298366671724
0.06449693303609028 0.2943258553192821
0.06357608269776938 0.2913189632755473
0.06266469278301634 0.2883091902722222
0.06176277230489857 0.2852965660740499
0.06087033018283705 0.2822811204739721
0.05998737524251774 0.2792628832928303
0.05911391621580442 0.2762418843790744
0.058249961740652445 0.2732181536084661
0.0573955203610228 0.2701917208837821
0.0565506005267985 0.2671626161345216
0.055715210593700104 0.26413086931660634
0.05488935882320389 0.26109651041208853
0.05407305338245916 0.2580595694288503
0.05326630234420893 0.25502007640031077
0.05246911368670837 0.2519780613851253
0.051681495293647406 0.248933554466892
0.05090345495407167 0.24588658575385042
0.05013500036230645 0.24283718537858753
0.049376139117879525 0.23978538349773615
0.04862687872544691 0.23673121029167973
0.047887226594718224 0.23367469596425267
0.04715719004038332 0.2306158707424402
0.04643677628204035 0.22755476487608264
0.0457259924441239 0.22449140863757266
0.04502484555583497 0.22142583232155943
0.04433334255107102 0.21835806624464554
0.043651490268357906 0.21528814074509064
0.042979295450781496 0.21221608618250803
0.042316764745922164 0.20914193293756772
0.04166390470578751 0.20606571141169272
0.041020721786749204 0.20298745202676172
0.04038722234947778 0.1999071852248048
0.03976341265888039 0.1968249414677054
0.03914929888403906 0.19374075123689788
0.03854488709814896 0.1906546450330646
0.037950183278459115 0.1875666533758374
0.03736519330621235 0.1844768068034924
0.03678992296658845 0.18138513587265137
0.036224377948645636 0.17829167115797606
0.03566856384526518 0.1751964432518693
0.035122486153095656 0.17209948276416917
0.034586150272498783 0.16900082032184946
0.03405956150749567 0.16590048656871353
0.033542725065715207 0.16279851216509475
0.03303564605834142 0.15969492778754962
0.032538329500063856 0.15658976412855768
0.03205078030902764 0.1534830518962165
0.031573003306784475 0.15037482181393674
0.03110500321824583 0.14726510462014142
0.030646784671635174 0.14415393106795837
0.030198352198443357 0.14104133192491963
0.02975971023338253 0.1379273379726537
0.02933086311434352 0.13481198000658456
0.028911815082351744 0.13169528883562376
0.028502570281526474 0.12857729528186904
0.02810313275903875 0.12545803018029622
0.02771350646507209 0.12233752437845719
0.027333695252783397 0.11921580873617357
0.026963702878264106 0.11609291412523025
0.02660353300050422 0.1129688714290731
0.026253189181354886 0.10984371154250007
0.025912674885494202 0.10671746537135919
0.02558199348039225 0.10359016383223939
0.02526114823627834 0.10046183785216828
0.024950142326108038 0.09733251836830274
0.02464897882553252 0.09420223632762662
0.02435766071286749 0.09107102268664097
0.024076190869064207 0.08793890841106164
0.023804572077680608 0.08480592447550937
0.02354280702485423 0.08167210186320663
0.02329089829927511 0.07853747156566984
0.023048848392160703 0.07540206458240162
0.0228166596972309 0.07226591192058726
0.02259433451068449 0.0691290445947846
0.02238187503117639 0.0659914936266208
0.02217928335979602 0.06285329004448204
0.021986561500046298 0.059714464883210215
0.021803711357824107 0.05657504918379248
0.021630734741401203 0.05343507399305779
0.021467633361406557 0.05029457036336635
0.02131440883080926 0.04715356935230607
0.021171062664902762 0.044012102022381865
0.021037596281289317 0.040870199440711574
0.020914010999867116 0.037727892678717415
0.02080030804281585 0.03458521281181734
0.02069648853458561 0.03144219091912087
0.020602553501885446 0.028298858083118154
0.020518503873673377 0.025155245389376153
0.020444340481146517 0.02201138392622766
0.02038006405773396 0.01886730478446743
0.020325675239088792 0.015723039057041133
0.02028117456308165 0.012578617838741432
0.02024656246979617 0.009434072225896924
0.02022183930152388 0.00628943331606816
0.020207005302761205 0.003144732207736565
0.02020206062020713 0.0
